9.57
28.96
29.22
30.53
30.53
30.67
30.28
30.50
30.66
22.19
28.06
29.30
28.27
31.39
31.23
30.28
30.79
30.11
29.85
29.22
30.34
29.88
30.18
30.98
31.39
31.18
30.01
31.88
31.46
31.48
32.48
32.35
32.59
32.57
25.72
31.19
32.23
31.89
30.91
30.41
30.73
30.74
30.97
30.67
30.82
30.43
30.69
31.19
31.19
30.81
30.64
30.71
30.83
30.79
30.51
29.58
30.34
29.98
30.40
30.42
30.43
29.47
29.72
27.90
24.79
26.49
29.34
31.31
22.36
31.19
31.61
32.99
32.14
32.39
31.97
29.64
29.69
29.93
29.72
30.92
30.71
22.02
27.56
30.78
30.87
31.51
32.22
31.89
31.96
30.69
30.67
30.79
31.03
30.76
29.98
30.39
29.66
30.19
29.32
29.57
29.60
29.51
29.62
28.41
28.14
27.81
27.54
27.42
27.57
30.69
30.06
30.59
31.47
30.35
30.89
30.66
30.72
30.45
30.89
29.30
21.78
28.86
28.48
30.33
23.84
27.07
27.36
25.75
26.27
23.11
29.52
23.74
29.96
30.87
30.61
30.39
29.33
30.85
31.18
31.36
24.47
22.41
31.04
31.08
30.87
31.27
30.07
31.17
30.66
30.53
30.71
30.99
30.95
30.93
31.08
30.93
30.71
31.98
32.63
31.08
32.21
31.98
31.66
31.85
32.03
31.95
31.93
32.06
31.75
27.88
21.05
30.32
21.02
20.57
30.75
31.53
31.17
23.45
27.74
26.76
28.08
27.85
24.89
31.61
31.30
30.82
30.88
30.40
21.88
21.32
28.75
30.60
23.08
30.00
31.96
32.21
22.62
32.13
31.50
31.91
31.77
22.57
31.61
32.02
31.73
29.75
28.79
30.45
30.68
31.36
31.28
31.56
22.61
25.28
27.18
26.63
26.90
26.95
26.86
26.91
26.59
26.96
26.80
27.05
27.08
27.06
21.00
27.14
26.45
27.71
23.12
31.81
31.67
32.21
32.46
32.62
23.56
25.96
28.70
27.30
27.09
27.30
27.21
26.72
26.44
26.39
26.39
27.02
26.96
27.00
26.47
26.93
26.21
26.04
26.09
27.31
27.19
27.64
25.91
27.37
27.49
27.57
27.18
26.77
26.32
26.92
25.32
26.76
27.77
27.19
27.67
23.94
27.31
18.53
18.80
26.89
27.47
27.04
27.35
27.33
27.54
26.74
26.52
25.92
26.00
26.23
26.56
26.27
26.17
26.10
26.42
27.84
27.58
28.07
28.04
28.45
28.34
28.46
28.39
28.51
28.03
26.38
25.74
25.62
26.36
28.24
28.53
28.63
28.84
28.83
28.69
28.80
28.10
28.46
27.51
28.33
28.29
28.40
28.45
29.23
29.30
28.54
29.04
29.25
28.79
30.47
30.79
29.67
30.63
29.81
29.60
29.74
29.72
29.63
29.55
31.94
31.35
31.29
30.59
29.83
31.01
31.09
30.56
30.10
29.94
30.16
29.48
30.00
29.88
29.77
30.02
30.15
28.64
30.61
30.38
30.51
30.67
30.42
30.44
29.71
30.23
30.20
29.48
29.82
29.80
29.38
29.50
29.70
30.13
30.14
30.04
29.85
29.92
27.90
23.38
28.38
27.36
26.42
32.09
32.75
32.63
32.51
32.40
34.28
33.66
33.69
32.58
32.68
32.77
33.11
32.17
33.68
34.16
34.09
25.97
29.56
30.01
29.78
30.04
22.97
29.77
31.51
30.72
31.09
25.17
36.28
26.58
36.02
36.18
36.26
33.30
32.56
24.59
29.35
29.19
30.47
30.50
30.61
30.58
30.13
30.32
29.16
28.75
28.50
28.84
28.79
28.93
28.98
29.16
26.78
29.19
30.03
30.06
30.63
30.94
29.30
29.38
29.46
28.79
30.24
30.26
30.28
29.68
30.02
30.31
32.68
22.54
31.12
30.04
31.52
31.33
31.22
31.27
31.69
22.94
30.44
30.32
30.74
30.38
31.48
30.95
31.65
31.52
30.64
30.86
30.82
31.17
30.86
31.02
31.23
31.04
31.00
31.58
30.79
30.71
30.69
30.43
30.57
29.13
24.76
21.30
28.80
29.91
30.28
25.86
30.92
30.81
29.85
29.82
30.01
30.00
29.58
29.93
29.50
29.04
29.36
29.55
30.24
30.50
30.11
30.34
29.68
29.37
28.38
28.13
28.68
28.28
28.09
27.86
27.93
27.85
29.07
28.83
29.29
28.58
29.55
29.23
27.43
27.59
27.43
27.29
28.20
27.63
27.26
26.43
27.99
28.00
28.45
27.55
27.72
28.04
28.43
27.99
28.30
28.33
29.07
29.29
29.27
29.16
28.27
29.41
27.51
27.16
27.57
27.53
27.68
27.64
27.13
27.67
27.52
27.78
27.12
27.53
27.25
27.77
27.70
27.66
27.56
27.58
27.79
27.73
27.73
