6.41
18.52
18.27
19.23
23.30
23.78
18.51
21.78
18.51
21.03
18.66
21.44
24.02
23.80
23.81
25.56
17.66
14.74
15.35
23.81
19.93
18.33
15.61
21.72
20.81
13.89
18.52
22.73
14.71
14.48
19.23
20.83
20.00
17.24
18.52
19.23
27.78
16.67
13.89
16.13
15.15
12.89
15.26
14.44
15.83
14.33
18.24
21.01
17.38
21.27
21.00
18.02
18.12
20.41
17.42
15.76
14.52
16.27
13.89
17.86
16.67
16.13
16.67
18.52
19.23
20.84
17.86
19.23
18.52
17.24
17.86
20.83
21.74
22.73
23.80
20.83
20.73
20.00
16.13
20.00
25.00
20.84
25.00
23.01
18.62
20.84
20.83
18.52
20.83
17.86
21.66
19.23
22.73
16.67
16.13
12.50
12.30
20.00
16.67
16.66
21.73
20.00
20.00
16.13
16.13
18.52
11.90
13.51
20.00
23.83
15.15
23.81
23.80
21.74
21.74
23.82
23.81
23.81
23.81
22.73
21.74
17.86
15.15
23.81
21.74
16.67
22.73
21.74
22.73
18.52
20.00
19.12
20.84
16.67
25.00
23.81
21.75
22.73
20.00
20.00
22.72
20.83
20.00
21.74
22.74
23.81
22.73
17.23
22.73
18.53
24.08
23.80
20.84
20.00
24.98
17.24
23.81
22.73
21.74
21.74
20.83
20.00
23.80
26.32
25.00
16.67
22.73
23.81
21.74
26.32
23.81
23.81
20.83
22.73
22.73
22.71
20.83
24.99
26.32
25.00
18.52
21.72
22.72
21.74
23.81
23.82
22.74
21.74
25.00
18.52
22.74
24.84
25.01
25.00
23.81
20.00
23.82
23.80
23.82
20.84
20.84
18.22
21.74
20.83
22.72
20.83
16.67
18.52
15.47
22.73
21.74
21.73
22.73
21.76
22.73
17.86
23.51
20.00
24.84
22.73
15.15
21.74
21.74
21.74
15.63
14.71
19.99
19.23
22.73
23.81
22.55
17.86
19.23
16.67
21.74
20.83
21.74
23.81
20.83
20.69
21.74
23.81
19.97
21.75
20.84
22.73
22.73
21.74
20.01
23.61
17.24
19.23
17.24
20.83
19.24
23.81
19.23
26.32
25.00
17.86
22.73
19.23
20.00
25.01
22.74
22.73
21.74
23.81
18.52
23.80
18.52
23.62
21.74
16.13
23.81
20.83
25.00
20.01
19.23
22.73
23.81
19.24
23.82
23.80
21.74
23.81
17.24
22.73
21.74
18.52
20.00
21.74
19.23
21.73
21.74
20.84
20.00
18.52
23.81
20.00
21.74
17.24
17.24
20.84
16.13
20.84
15.62
20.00
23.46
21.74
20.00
16.67
17.24
19.23
23.81
17.24
25.01
22.73
25.00
22.73
26.32
22.73
21.73
25.00
19.23
26.33
23.81
27.78
22.74
17.86
21.74
26.32
22.73
20.00
22.73
29.42
22.72
21.73
24.99
22.74
17.24
26.31
26.32
26.32
27.78
26.30
17.86
26.31
29.41
29.40
25.00
23.81
20.84
29.42
26.31
21.74
22.73
20.00
17.44
25.03
24.08
17.26
20.78
19.91
21.97
24.30
20.62
23.30
22.86
22.60
23.76
20.45
13.18
20.04
19.70
22.54
20.07
20.84
21.74
20.00
16.13
22.73
22.72
25.00
22.72
23.82
21.74
26.32
20.00
25.00
25.00
27.78
21.74
26.31
22.72
26.31
29.45
26.30
29.42
25.00
26.31
25.00
23.81
23.81
29.41
29.41
22.73
27.78
29.41
27.77
26.31
20.84
21.74
21.74
21.74
20.83
20.00
25.00
25.00
20.00
23.81
20.83
23.82
21.74
17.86
18.52
26.32
20.00
27.77
20.00
26.31
26.31
17.24
20.83
25.01
25.00
20.00
23.81
25.00
22.73
23.81
27.77
17.09
25.00
26.32
26.32
22.73
29.41
25.00
23.81
26.31
24.99
26.32
26.32
27.77
23.81
27.78
26.33
26.31
27.78
20.00
21.74
23.81
26.31
21.74
27.77
27.78
26.32
23.83
26.31
27.78
27.58
22.73
23.81
25.00
26.32
26.32
20.83
25.00
27.78
31.28
20.83
26.32
29.42
31.25
27.79
27.78
26.32
23.81
25.01
27.79
20.84
20.94
25.00
27.78
29.41
27.78
21.05
27.78
27.79
21.62
26.32
27.78
16.67
30.76
27.76
23.81
26.31
20.85
20.00
20.76
26.32
27.79
29.41
31.25
27.77
19.53
26.31
27.78
25.00
15.63
27.76
26.32
26.32
22.16
27.80
26.34
26.99
23.81
27.78
23.81
25.00
28.05
23.81
26.56
25.00
30.74
23.80
29.41
26.32
25.00
26.34
16.12
21.75
25.01
23.82
22.73
21.74
26.32
26.29
26.32
27.18
27.78
26.30
23.81
27.81
22.73
27.80
22.73
26.35
24.99
22.73
