6.49
15.15
20.83
19.23
22.73
21.74
23.80
25.00
19.23
19.09
24.04
23.14
20.15
23.40
19.69
23.18
22.82
17.86
14.29
15.19
22.89
21.74
22.72
23.82
25.00
25.00
20.00
21.23
23.81
21.74
26.32
18.71
15.53
21.74
20.00
21.74
17.86
17.24
15.15
21.74
19.23
19.23
26.32
23.81
22.73
21.74
20.83
18.63
22.73
22.73
25.00
21.75
21.74
23.81
19.23
20.82
15.56
19.23
23.81
25.00
20.00
20.01
21.74
20.01
21.73
18.84
22.69
17.84
20.83
25.00
25.00
18.52
20.83
20.83
20.00
17.86
21.74
18.52
20.83
21.74
19.24
18.52
17.87
21.26
19.23
13.16
20.84
17.86
22.73
20.00
15.62
17.86
21.74
16.67
19.23
19.59
17.86
22.72
22.73
14.29
14.29
18.52
22.73
19.23
17.86
19.23
7.94
14.41
10.87
13.89
17.86
22.73
19.23
25.00
20.83
23.81
22.73
26.32
23.80
21.21
18.83
20.00
25.00
21.74
17.86
16.67
14.71
12.82
12.79
14.71
17.86
16.74
15.62
22.73
20.83
14.28
18.52
25.00
22.18
20.00
20.83
20.83
18.52
20.00
18.52
18.16
17.86
20.00
19.23
23.81
19.23
22.73
20.00
19.23
19.23
17.24
16.67
20.83
17.86
16.13
16.67
26.32
27.78
26.32
20.84
21.74
21.24
20.83
20.83
23.24
13.89
20.83
24.38
22.73
21.74
22.21
27.78
27.78
23.24
19.23
20.83
19.60
27.78
18.52
22.21
25.00
25.00
22.73
23.81
23.80
23.81
24.37
22.73
23.81
22.40
25.46
23.81
20.40
23.79
22.73
22.73
21.74
23.22
22.73
26.31
23.81
25.00
19.23
25.00
20.61
24.61
25.22
26.32
27.68
21.73
26.59
21.67
15.24
22.73
25.00
20.83
20.83
17.86
26.67
26.24
23.27
26.32
24.22
23.82
27.85
23.35
22.73
25.00
20.83
21.74
23.81
22.73
20.00
22.73
23.81
22.73
23.81
16.13
23.81
23.81
22.73
25.00
23.81
26.32
20.00
25.00
22.73
20.84
22.73
26.32
23.81
21.74
20.00
23.81
26.31
22.73
19.23
17.85
20.00
23.81
21.74
22.73
19.23
20.83
25.00
15.15
23.81
20.83
22.36
20.83
19.23
23.81
23.81
19.23
20.00
22.73
26.32
19.58
20.83
26.31
22.73
22.73
22.73
23.81
22.73
19.23
27.78
25.00
25.60
25.00
26.32
27.78
22.73
25.01
23.81
25.00
21.74
19.23
25.00
23.81
27.78
25.00
27.77
25.00
25.00
23.81
22.73
23.81
23.81
17.24
26.32
23.19
22.73
26.32
25.00
23.81
20.84
25.00
20.83
19.23
27.78
26.31
22.73
21.74
18.52
23.81
29.42
23.81
23.81
26.32
31.23
20.52
25.00
29.41
16.13
24.98
23.81
23.81
27.78
26.48
21.74
27.79
25.00
26.32
25.00
26.31
26.31
23.83
29.41
27.78
27.78
25.00
20.84
19.23
22.73
26.89
25.61
26.32
28.09
28.55
27.78
26.32
20.38
27.78
27.78
26.31
29.41
29.41
27.78
27.78
25.00
25.01
25.00
25.00
26.31
25.00
27.78
23.81
27.78
27.78
27.78
26.31
23.81
20.84
21.74
23.81
23.81
23.80
25.00
27.78
25.00
26.32
23.81
27.78
26.32
23.81
26.31
25.00
27.21
21.02
26.32
24.32
29.41
25.62
26.32
27.78
27.78
26.32
26.32
26.31
23.82
26.32
27.78
26.32
29.42
26.33
24.35
23.81
26.32
22.19
27.78
21.74
25.00
19.60
20.00
25.00
23.82
26.85
28.38
27.78
26.96
20.83
26.94
27.78
31.25
25.00
20.83
22.73
27.78
26.31
23.72
23.81
21.74
23.81
25.01
25.00
23.81
22.73
23.19
19.23
21.74
15.86
23.48
22.73
29.41
31.26
29.41
32.20
24.37
26.32
31.25
25.00
26.32
25.00
20.83
22.73
25.00
22.73
27.77
29.41
29.42
22.73
25.00
27.78
15.63
23.81
27.78
22.73
26.31
26.32
23.81
29.41
29.42
26.56
29.67
21.83
26.31
23.81
27.78
27.78
27.78
23.81
29.41
26.31
29.41
25.00
25.00
26.32
26.32
26.32
27.78
27.77
25.00
25.00
27.78
23.81
21.74
29.41
26.32
27.78
29.41
26.32
20.00
20.84
23.81
23.81
24.32
21.74
23.80
20.85
23.81
23.81
20.00
25.01
20.83
23.20
22.73
21.74
23.81
20.83
24.32
25.00
23.82
23.24
24.66
19.68
23.24
25.00
25.00
25.00
22.73
26.72
24.99
25.00
23.81
22.73
26.31
18.50
26.32
27.78
26.31
23.81
21.59
24.96
26.32
21.74
26.29
