20.35
27.75
31.25
29.41
31.25
33.92
31.25
23.81
29.41
27.78
21.74
25.00
25.00
18.49
17.24
25.27
26.32
24.89
26.31
21.74
23.81
27.78
29.42
17.24
21.74
25.00
26.32
17.24
27.79
19.23
424.27
27.79
31.25
29.41
27.78
20.00
28.14
29.42
31.25
29.41
26.31
26.30
27.78
29.41
22.73
27.78
29.56
21.74
29.41
29.40
20.83
26.32
26.31
27.79
29.41
23.79
31.25
29.41
27.78
17.86
29.41
29.41
22.73
25.00
23.82
20.83
27.78
26.31
29.42
29.39
25.00
23.81
27.78
27.77
27.77
23.81
24.63
23.80
27.15
27.78
25.00
22.73
31.25
26.32
27.78
23.81
27.76
24.81
22.73
25.00
27.78
29.41
27.78
25.00
29.41
29.42
29.41
27.78
27.81
22.73
29.41
17.86
23.81
27.78
27.78
27.75
31.25
19.23
26.32
16.67
29.41
21.74
27.78
25.00
26.31
26.32
22.72
29.40
27.78
26.31
27.78
21.74
17.19
31.25
21.73
29.41
30.23
29.44
29.42
31.26
26.35
27.78
18.52
35.50
31.25
33.33
31.25
26.34
27.78
26.31
25.00
25.00
25.00
20.00
27.78
29.41
29.44
31.25
27.80
26.32
25.00
26.31
15.63
20.84
25.00
22.73
14.71
27.78
25.00
29.41
20.00
23.81
29.41
31.25
35.72
22.73
30.09
22.73
31.25
25.00
27.77
27.77
24.99
23.81
27.78
31.25
22.73
26.32
33.32
26.33
30.90
27.78
29.42
29.41
30.01
29.41
18.52
29.41
31.26
27.78
24.98
29.42
31.26
19.23
33.34
25.00
29.44
31.25
22.73
24.24
33.33
31.23
20.86
24.16
31.25
22.73
23.82
26.32
27.79
27.80
29.41
28.44
31.22
33.36
29.42
29.41
31.59
31.25
27.78
28.78
29.41
29.42
27.78
27.78
16.67
31.25
29.41
27.79
30.52
29.43
31.25
29.39
31.25
27.78
20.83
21.74
26.32
29.41
29.41
31.25
27.78
29.41
27.77
29.41
21.74
20.83
27.82
22.73
16.13
26.31
23.81
25.84
20.00
27.76
26.34
25.00
29.42
21.74
23.81
25.00
21.74
27.77
20.83
22.93
26.32
31.25
27.79
31.25
18.52
29.41
29.39
27.78
17.86
35.19
29.44
29.72
31.22
29.42
31.22
27.75
29.41
31.23
29.41
27.79
29.42
31.25
29.40
25.01
27.78
27.21
25.03
26.34
26.33
17.24
16.14
27.77
16.68
27.80
20.82
27.78
25.00
26.32
25.00
27.78
27.80
22.71
23.82
27.78
27.78
26.32
25.28
29.43
26.34
23.57
29.39
27.78
27.77
29.41
29.41
23.81
26.30
19.42
26.32
27.78
29.44
26.34
21.73
26.35
28.93
26.32
26.32
27.78
25.00
29.40
29.65
27.75
29.41
29.42
22.74
27.78
27.80
26.31
22.73
21.73
18.52
25.00
27.78
26.33
17.24
19.23
26.86
25.00
18.53
29.39
23.80
27.78
27.78
27.78
26.06
27.78
26.32
24.99
21.75
27.78
27.78
27.78
27.78
29.41
28.60
27.77
27.81
31.25
29.56
23.80
27.78
27.78
27.77
26.35
20.84
19.23
26.31
23.81
29.41
27.80
27.80
23.81
27.78
27.78
27.78
16.67
27.78
26.32
20.00
27.11
27.78
29.43
27.78
35.34
21.73
24.99
25.01
27.78
31.25
26.32
26.32
26.32
19.23
25.00
25.00
25.00
23.81
20.00
27.40
25.00
27.78
23.82
21.56
25.00
26.31
25.00
23.81
15.63
25.00
24.99
26.31
26.32
16.67
22.42
22.73
19.23
23.81
22.73
20.83
20.00
26.31
23.82
21.73
20.83
22.73
25.00
22.73
20.82
22.73
20.83
26.30
25.00
27.78
23.81
25.00
22.73
23.81
21.74
20.83
22.60
23.81
25.00
24.13
26.32
26.35
26.34
26.32
21.94
21.73
25.00
17.24
25.00
26.41
26.63
23.81
24.32
26.31
22.73
19.23
27.78
27.77
19.23
25.00
26.29
26.32
23.82
20.84
19.23
23.83
25.00
22.73
22.57
20.00
19.23
17.86
20.00
26.31
21.74
13.89
25.00
26.33
22.72
25.00
23.81
20.00
25.00
26.32
22.41
27.78
26.32
26.32
26.32
26.31
27.79
22.73
26.32
24.99
27.78
25.00
26.31
23.81
26.32
27.78
27.78
21.74
23.81
27.78
23.79
25.16
29.43
29.41
26.29
26.32
20.83
26.33
26.31
26.29
16.13
24.52
24.88
29.42
27.78
26.31
25.00
26.32
24.99
21.99
25.02
25.00
25.00
23.81
15.63
22.73
27.78
26.33
26.32
26.33
26.83
26.34
27.78
29.41
22.73
23.40
26.32
30.28
23.81
27.77
28.21
27.76
27.81
27.78
27.78
19.18
21.74
25.00
22.72
29.39
29.39
27.81
27.76
26.33
27.78
26.33
18.02
27.77
25.00
26.32
17.25
20.39
26.33
21.76
18.52
26.65
19.23
17.81
27.77
22.72
28.24
26.32
27.78
29.39
26.11
29.43
29.41
27.06
17.86
29.41
27.78
28.99
22.73
28.21
27.78
26.34
23.73
26.30
26.29
27.78
27.76
27.80
27.80
27.78
25.00
25.02
28.48
20.83
27.35
26.32
26.32
26.34
23.82
29.42
29.41
27.78
28.91
27.78
26.87
23.82
26.25
26.32
27.76
20.83
26.68
25.00
17.86
24.96
19.24
25.00
23.81
26.34
27.78
21.74
22.99
22.72
25.40
19.23
26.05
25.00
25.00
26.32
23.81
26.32
22.34
25.30
26.31
23.79
27.78
16.68
24.89
26.32
22.72
22.72
26.32
23.80
25.00
23.71
19.23
23.81
25.00
25.00
22.73
17.24
25.00
20.83
23.51
26.32
23.80
25.01
26.31
25.60
20.83
23.81
20.83
27.78
22.72
18.36
23.81
26.32
23.81
23.81
21.74
25.00
26.31
25.21
26.32
31.44
29.42
25.00
20.00
16.67
22.73
31.25
29.42
17.67
20.83
19.98
18.35
29.42
26.30
27.78
27.78
26.29
26.33
25.00
27.78
18.52
15.89
25.20
18.52
22.72
18.52
21.18
25.00
29.42
25.00
25.00
20.83
26.32
25.00
23.81
23.81
25.00
17.37
26.32
27.78
25.76
29.41
27.78
25.24
26.32
26.32
26.31
20.83
24.99
27.90
17.24
23.83
27.78
26.32
26.33
26.29
23.81
23.81
26.30
23.81
19.99
27.78
28.35
27.78
26.31
26.30
26.21
27.77
27.78
27.78
27.78
25.00
26.32
27.78
26.32
23.83
22.71
23.83
25.01
22.75
21.74
22.73
26.31
23.81
26.32
23.81
26.31
26.32
26.32
22.13
24.35
31.26
26.33
27.76
23.83
23.63
21.74
22.73
21.74
25.01
27.78
19.23
26.31
27.78
25.00
23.81
23.81
23.81
22.73
23.81
23.81
22.73
20.83
22.73
27.78
22.73
23.81
20.83
20.00
23.81
21.74
20.00
21.74
23.81
13.16
21.74
20.17
26.30
26.29
24.12
23.83
23.81
25.00
22.73
26.32
29.41
27.78
29.41
29.41
26.32
17.24
27.78
26.34
20.83
26.32
20.83
25.88
26.32
26.31
25.01
16.13
27.78
27.78
27.74
26.21
27.78
26.31
26.32
19.90
15.75
23.81
22.73
21.74
22.73
25.00
21.74
20.00
20.00
20.83
23.81
18.42
16.67
23.81
26.31
26.32
26.32
26.32
26.32
29.41
21.74
26.32
26.32
20.00
21.73
26.32
27.80
26.28
31.26
22.73
22.05
19.23
23.81
26.32
20.00
25.00
23.82
26.29
26.30
26.34
25.00
26.31
26.33
27.78
27.78
26.33
25.00
26.32
25.00
26.31
25.86
22.73
26.31
26.64
24.98
26.22
27.77
27.78
22.75
24.31
25.00
27.78
27.80
21.53
26.94
17.85
26.30
20.01
25.02
20.00
26.31
25.01
27.78
23.82
22.73
22.73
21.74
25.00
23.81
20.83
20.83
23.81
21.74
23.51
22.73
21.74
23.81
21.74
23.80
25.00
26.31
25.00
24.98
25.00
26.32
17.25
24.98
26.32
22.74
19.23
26.32
21.74
26.31
25.00
27.77
27.78
25.01
26.32
22.73
26.32
25.02
25.01
26.32
31.25
24.98
25.00
16.13
26.32
16.67
23.81
19.23
27.78
27.78
27.53
19.99
23.81
23.79
27.79
29.41
23.82
27.78
18.52
21.73
20.83
29.34
29.42
29.41
29.41
22.73
27.79
26.32
26.32
27.63
26.84
23.81
26.34
20.83
27.78
23.81
25.00
25.00
24.85
26.30
27.78
27.79
27.78
20.82
27.79
26.32
29.42
27.78
23.81
26.32
29.43
26.32
23.80
20.00
25.00
29.41
27.35
27.78
24.98
27.78
27.78
29.41
31.25
29.42
29.90
25.02
17.24
24.99
24.29
26.48
17.87
18.52
18.52
29.41
31.25
29.41
26.32
29.41
29.41
26.32
28.61
23.81
33.34
27.78
29.42
21.74
30.35
29.39
25.00
26.32
29.41
27.10
30.05
27.78
27.78
22.73
29.39
26.30
20.00
29.44
27.78
31.26
27.78
25.00
29.44
22.73
29.39
25.01
22.10
31.25
26.31
29.41
27.78
25.00
26.32
26.30
17.22
29.78
27.78
27.76
22.71
22.73
27.78
27.76
29.41
22.73
27.78
27.78
29.41
25.00
27.77
28.06
19.99
15.15
27.65
29.44
31.25
22.73
21.74
31.28
29.43
27.78
29.41
29.41
31.26
29.40
26.32
33.33
31.35
26.32
26.32
31.25
31.26
29.44
26.30
31.25
31.25
22.73
27.78
27.78
27.80
21.74
25.09
22.74
31.26
29.41
26.31
29.41
25.00
26.32
27.78
27.78
27.01
23.81
25.00
27.81
23.81
25.00
23.77
25.00
16.77
26.32
22.79
26.32
16.13
17.42
17.24
28.81
29.44
29.42
29.63
29.39
27.28
27.78
29.41
29.41
31.26
29.44
29.41
27.78
27.78
29.41
27.65
26.33
29.43
29.43
31.25
25.00
29.41
20.80
27.78
22.72
26.32
27.78
27.78
25.00
