17.85
30.79
30.86
30.23
30.10
29.91
31.63
31.73
31.41
29.84
31.94
31.20
30.30
31.11
29.92
30.46
30.43
31.30
31.89
31.36
30.58
31.37
31.27
31.74
31.22
30.09
31.20
32.10
32.41
31.68
30.45
31.15
31.61
31.37
30.46
31.31
30.94
31.26
31.15
30.00
31.17
29.31
30.63
31.71
30.89
30.92
31.71
31.09
31.04
30.86
29.87
20.45
17.87
32.49
34.49
35.05
33.46
34.49
35.23
35.16
34.61
35.71
34.76
34.05
33.86
33.26
33.80
36.68
36.34
35.98
35.70
35.24
34.65
34.64
33.83
33.91
33.28
34.19
33.59
35.42
35.03
36.75
36.08
35.73
35.37
34.15
33.63
34.07
32.08
35.68
33.31
36.34
35.85
35.48
34.62
35.53
33.63
35.95
35.08
36.06
34.77
34.62
34.67
37.35
36.57
36.20
36.03
35.75
35.95
36.67
35.90
36.35
35.03
35.72
35.39
35.19
34.27
34.07
33.35
35.82
34.75
35.15
35.18
37.21
37.60
36.14
35.25
36.83
36.96
36.45
37.21
39.04
38.54
39.02
38.34
38.33
38.39
38.52
30.40
34.19
37.12
37.77
37.89
37.34
37.30
38.69
36.95
38.06
38.27
35.75
36.23
35.81
32.65
36.49
35.50
36.44
36.33
31.11
20.75
29.29
27.91
25.90
29.51
23.78
36.81
37.27
37.22
35.55
35.57
37.28
36.85
38.20
39.01
38.22
37.27
38.68
39.35
39.19
39.19
36.65
38.28
38.72
37.64
36.67
36.71
36.82
36.78
36.07
37.08
37.63
38.11
37.02
37.90
38.27
38.29
35.55
36.76
37.31
35.14
35.28
37.55
37.33
37.31
36.12
37.44
35.89
36.11
36.01
36.06
37.39
37.44
36.25
36.85
38.20
38.58
37.44
38.38
37.66
38.57
36.53
36.11
36.68
35.97
34.96
36.05
36.72
35.73
36.28
36.99
37.47
37.24
35.46
36.69
36.27
35.30
32.76
33.45
33.33
33.40
34.17
34.05
34.21
32.03
35.33
35.53
34.42
33.55
34.03
33.94
33.06
32.86
31.88
30.94
33.23
32.08
34.22
33.19
34.83
34.36
34.01
32.77
33.07
32.43
33.37
34.00
35.92
35.94
34.95
32.30
20.65
24.94
29.66
29.70
31.85
31.01
31.79
31.22
31.50
31.45
31.64
31.62
31.07
31.36
30.70
28.86
30.06
30.09
28.82
29.00
29.03
28.96
28.19
28.52
28.96
28.78
28.78
28.82
28.55
27.75
28.81
28.46
30.03
30.21
29.96
29.80
28.07
29.21
29.31
29.07
27.85
28.48
28.80
29.37
29.43
30.29
30.24
30.36
30.48
29.51
29.47
30.36
30.06
30.36
30.14
30.42
30.97
30.76
29.04
30.00
29.83
29.52
28.72
30.55
30.77
30.78
29.93
30.21
30.36
29.95
30.80
30.40
29.86
27.95
28.62
30.08
29.41
29.42
28.13
28.07
27.75
28.65
28.91
29.18
27.67
28.17
29.03
29.40
27.92
27.98
28.03
28.72
28.62
26.31
22.81
20.32
20.82
23.78
29.31
29.97
30.10
29.17
29.55
30.73
29.78
30.75
30.35
29.68
30.66
30.71
30.72
30.03
30.95
31.11
31.99
31.76
29.52
28.60
29.88
29.27
29.97
29.86
29.28
29.53
29.92
29.73
29.86
29.74
28.68
29.40
29.67
28.49
29.04
29.65
28.62
28.43
28.32
27.59
27.89
28.37
28.26
27.53
28.24
28.47
28.05
29.28
27.37
26.95
28.46
28.20
27.28
28.25
24.93
25.19
27.06
27.22
27.32
26.43
28.71
27.75
28.07
27.93
28.11
27.63
27.95
28.14
27.70
27.93
26.78
27.53
27.91
27.79
26.50
27.39
28.82
29.01
29.89
29.92
28.24
28.98
28.86
28.79
27.11
25.39
24.76
24.92
27.94
23.82
24.25
25.69
18.25
26.23
27.58
27.23
29.33
27.15
20.89
25.83
26.22
26.85
27.28
26.82
27.10
27.01
26.62
26.57
27.87
27.24
28.40
27.82
25.04
28.00
26.69
24.94
28.03
28.45
28.99
29.36
28.97
28.83
27.57
28.27
28.36
28.23
29.29
29.17
30.22
30.13
28.89
27.67
28.88
29.53
30.23
30.43
30.06
30.07
30.59
29.63
30.32
30.61
30.63
30.51
30.87
29.76
29.58
29.82
29.52
29.45
29.13
29.49
29.19
30.05
30.19
30.05
30.19
30.15
29.49
27.83
28.13
28.00
28.47
27.88
27.81
27.96
27.50
27.91
28.47
28.85
27.77
27.52
28.41
27.63
28.54
28.73
27.39
28.57
27.70
27.49
27.87
28.86
24.71
16.96
18.86
17.88
20.94
26.38
27.88
28.54
29.60
28.44
29.82
29.31
30.25
29.16
29.08
29.15
28.79
28.74
28.19
28.87
29.48
29.49
29.27
28.51
29.41
28.78
27.99
27.89
27.97
28.63
26.05
26.90
27.31
27.28
27.93
27.47
28.52
28.60
28.32
27.84
27.81
26.77
27.16
27.35
27.63
26.91
27.76
27.27
28.68
28.20
28.13
28.51
28.40
28.58
29.33
28.92
29.02
28.71
28.33
28.20
29.21
28.87
28.50
28.51
27.72
27.87
27.13
26.84
26.91
24.47
21.28
17.24
22.10
26.82
23.38
25.67
29.21
31.81
24.18
29.67
25.96
26.15
24.80
23.71
28.95
27.69
28.99
29.63
28.40
27.63
22.96
18.94
18.18
21.89
25.79
27.16
29.43
29.10
29.22
31.14
24.83
30.31
26.14
30.95
26.21
23.49
23.10
23.42
30.17
29.18
30.20
30.30
29.46
28.27
29.73
27.89
29.77
19.24
30.65
28.81
30.09
30.35
29.50
29.98
30.69
30.38
30.63
29.47
30.39
30.53
31.24
32.85
34.61
34.40
33.95
33.51
32.77
33.53
32.44
32.85
32.92
32.30
33.30
32.95
32.53
31.88
33.30
33.10
32.23
32.99
32.71
33.20
31.55
32.74
33.17
31.93
29.48
32.01
31.37
32.57
30.34
32.35
32.91
31.64
33.48
33.07
32.84
31.84
30.13
30.54
30.13
30.47
31.64
33.26
33.21
32.73
31.20
31.22
31.69
31.12
31.75
31.80
31.97
30.12
30.33
30.88
33.04
30.72
26.49
24.00
24.03
19.78
29.02
31.93
33.02
32.91
32.97
32.30
34.09
33.56
34.25
32.52
32.97
31.91
32.56
32.22
33.16
31.51
32.25
30.53
32.49
30.79
33.25
32.53
32.20
31.61
31.83
32.34
33.15
32.62
31.43
30.75
33.17
32.63
32.30
23.42
31.07
30.94
31.61
31.84
32.61
32.91
32.92
33.18
32.54
32.41
32.07
31.90
32.51
32.90
33.64
32.78
32.01
31.24
32.33
31.67
31.69
30.98
31.86
32.62
32.19
30.47
33.32
33.52
32.60
31.37
32.50
32.58
32.84
31.88
33.23
33.52
33.47
33.92
33.61
33.38
33.75
31.13
31.55
32.08
32.85
32.32
32.26
31.78
33.06
33.00
33.22
32.96
32.83
32.92
32.95
33.61
31.82
32.19
33.79
33.42
33.67
33.43
34.16
34.50
32.49
30.62
26.12
30.79
29.28
29.84
31.05
31.44
32.33
31.40
32.94
35.17
33.59
32.55
32.89
32.91
33.52
32.80
30.56
23.26
23.65
23.26
21.66
27.97
30.43
31.07
29.94
29.74
31.71
31.76
30.82
31.99
33.97
33.03
32.47
33.13
33.29
33.04
30.56
32.58
33.32
32.00
30.97
31.04
31.55
31.40
31.23
31.95
24.73
24.37
23.69
19.27
24.60
32.54
32.21
32.10
32.15
31.84
32.25
32.14
30.44
29.08
32.18
32.47
33.13
32.07
33.46
32.23
33.15
32.25
32.20
30.78
31.13
31.79
33.34
32.50
32.89
30.31
20.90
21.67
23.22
24.21
31.14
31.37
29.16
28.82
29.33
29.18
29.78
29.11
31.78
31.02
28.99
28.74
30.51
29.29
29.57
22.94
22.40
19.89
22.84
29.71
31.38
31.13
29.64
28.67
27.60
26.38
29.90
31.27
29.74
29.59
31.37
32.30
32.33
30.24
30.94
31.11
30.45
26.56
31.04
31.94
31.76
32.38
31.36
31.79
30.70
31.24
31.44
32.26
31.84
31.64
29.00
29.86
31.15
30.88
31.41
32.79
32.85
32.52
32.93
32.89
32.15
31.83
32.51
30.63
33.85
34.05
31.81
33.44
31.02
30.82
30.25
31.41
31.97
32.84
27.67
32.88
28.65
31.95
32.47
31.98
30.87
31.55
31.94
31.96
29.12
30.35
31.07
30.99
31.56
31.58
33.12
32.67
30.52
31.01
32.95
34.45
29.37
32.88
36.03
36.15
34.89
34.45
33.77
33.10
34.62
34.68
35.25
34.99
34.33
34.79
35.34
34.80
31.81
33.00
28.97
19.40
28.85
31.98
33.54
33.83
33.94
33.25
35.61
35.25
35.78
35.01
35.98
35.92
34.70
33.91
35.77
35.38
35.39
35.42
35.11
34.85
33.88
33.17
34.19
34.18
33.96
33.62
35.08
35.50
33.75
32.69
34.01
34.52
36.29
34.52
35.26
35.22
35.39
35.23
35.03
33.94
34.90
33.64
34.48
34.72
33.16
33.88
33.42
33.40
31.52
32.08
34.18
33.84
35.23
34.04
35.32
35.00
25.08
33.73
33.54
34.99
35.18
34.57
33.99
34.72
35.67
35.20
27.78
35.02
34.04
35.41
35.31
35.78
35.75
35.09
36.82
36.33
36.69
35.71
36.60
36.21
38.19
36.18
37.91
37.84
37.87
37.18
36.78
36.14
36.76
35.24
34.90
36.19
35.61
35.22
36.47
36.48
36.29
34.50
33.94
34.96
35.06
34.25
34.07
30.28
19.97
21.61
21.53
26.15
30.52
30.75
32.21
32.36
32.88
31.48
34.33
34.31
32.67
31.95
34.04
34.18
33.88
34.06
34.78
34.44
34.75
35.07
34.78
34.82
35.20
34.28
34.79
34.93
34.39
32.89
33.45
34.70
35.35
33.23
35.38
35.16
34.28
34.43
33.93
34.13
34.27
34.55
34.26
34.34
34.34
