12.35
9.93
14.92
14.12
13.14
14.38
15.10
13.27
13.42
13.19
13.36
14.49
14.55
16.32
16.65
16.53
16.57
14.41
14.50
14.36
14.41
14.63
14.58
14.36
14.44
14.53
14.57
16.32
16.27
16.22
16.33
15.67
16.94
16.86
16.75
16.83
16.92
16.12
16.17
16.23
16.13
15.96
14.26
14.24
13.99
14.01
14.00
14.88
15.14
11.17
14.89
14.90
14.77
14.81
14.92
14.55
14.83
14.69
14.62
14.78
14.76
12.58
12.68
12.82
12.85
13.06
13.45
13.31
13.30
13.13
13.33
14.46
14.75
14.84
14.78
12.97
13.04
13.27
13.20
12.62
12.70
12.74
12.96
12.98
13.07
12.91
13.00
12.78
12.79
13.81
13.83
13.63
13.86
14.01
14.01
13.71
13.97
13.89
13.98
12.09
11.68
11.86
11.96
11.69
11.77
11.71
11.54
12.16
11.54
13.56
14.10
14.13
13.96
12.24
12.10
12.25
12.27
12.40
12.43
11.67
13.13
13.07
13.28
13.54
12.23
13.64
12.24
12.78
13.25
13.17
13.17
13.00
13.40
12.94
13.25
13.22
13.15
12.17
12.01
12.07
12.16
12.23
12.15
11.92
11.79
12.02
13.94
13.20
15.79
15.85
15.99
13.54
16.42
16.58
16.43
16.33
16.26
13.92
14.16
14.05
14.30
13.45
14.22
16.11
16.22
16.15
15.90
13.93
13.90
16.79
16.69
12.12
12.31
12.44
12.31
12.84
13.02
13.08
13.26
13.21
13.50
12.11
12.18
12.27
12.28
12.79
13.07
12.82
12.49
12.15
13.00
12.10
12.14
12.25
12.15
13.45
13.57
13.55
13.53
12.89
13.01
12.77
12.97
13.00
13.20
12.63
12.66
12.69
12.89
11.90
12.13
12.01
11.96
12.03
12.33
13.50
12.26
12.21
12.22
12.81
13.06
13.07
12.91
13.19
13.26
9.57
13.32
13.25
13.39
13.91
14.22
14.34
14.42
12.16
12.38
12.41
12.45
12.50
12.54
13.81
14.11
14.22
14.39
12.48
12.50
12.65
12.74
13.58
15.79
15.85
13.62
13.66
13.85
13.69
15.67
13.98
13.83
13.63
13.82
13.61
13.71
13.84
13.83
12.22
13.43
12.23
12.17
13.98
15.75
14.12
14.23
13.74
13.76
13.86
13.74
13.81
13.86
13.38
13.76
13.86
14.06
14.15
14.28
14.26
14.02
14.18
14.22
13.83
12.44
12.31
12.31
12.62
12.83
12.69
12.90
12.42
11.89
11.88
10.83
12.32
12.33
12.38
12.58
12.41
12.70
12.60
12.88
13.60
13.66
14.78
15.95
13.83
14.01
14.08
14.07
13.49
13.90
13.58
14.02
13.77
14.41
13.79
14.42
18.71
18.95
14.24
14.94
18.54
18.65
13.91
14.36
14.88
16.35
16.23
16.31
14.46
14.83
18.03
18.65
14.52
15.84
20.00
20.69
13.69
14.39
14.27
14.72
14.88
14.90
13.76
13.87
14.12
18.23
13.73
14.09
13.65
18.52
18.29
18.50
12.96
13.14
13.37
17.75
13.20
13.69
13.17
13.99
13.01
13.09
13.04
13.29
13.50
13.43
13.39
13.47
13.68
14.24
13.33
13.36
13.33
13.80
13.84
14.14
13.56
13.72
13.72
17.66
13.62
13.86
13.20
18.19
13.57
15.39
15.31
20.97
20.58
20.43
14.96
15.55
15.65
20.71
12.97
14.69
14.64
20.05
20.14
20.07
14.57
14.68
14.65
19.86
11.25
14.57
14.39
19.53
12.38
12.63
12.83
17.44
17.40
17.52
12.41
12.46
12.82
16.79
11.55
12.52
12.40
16.52
16.57
16.76
12.72
12.79
12.91
17.52
12.29
12.60
12.26
16.64
11.72
12.09
12.19
16.76
16.70
16.93
13.27
13.23
13.67
19.34
13.59
13.49
14.26
19.42
19.28
19.89
12.42
12.53
12.75
13.04
12.55
12.47
13.22
13.33
13.07
13.52
13.76
13.66
13.78
14.04
12.78
12.97
12.77
13.17
12.73
12.98
13.12
13.15
13.45
13.59
12.92
13.02
13.06
15.85
13.30
13.71
16.47
16.45
16.64
16.79
16.91
16.95
16.87
17.20
14.50
17.48
17.58
17.72
13.76
13.79
13.84
15.63
15.74
15.90
15.13
17.54
17.51
17.93
14.21
14.24
14.51
14.58
14.41
14.73
14.72
14.64
14.89
14.97
16.22
16.52
16.69
17.08
12.94
12.96
12.93
12.91
12.96
14.19
14.33
14.89
15.08
14.96
14.03
14.24
14.39
14.78
13.90
14.39
14.40
14.91
15.08
14.93
13.39
13.81
13.94
15.61
15.60
15.72
15.77
15.75
15.63
15.44
15.46
15.48
15.52
15.50
15.38
15.34
15.32
15.40
15.37
15.47
15.38
