6.71
15.34
18.12
11.60
16.66
14.71
13.52
11.35
11.30
11.62
9.47
15.49
11.90
10.20
11.62
12.19
10.00
12.19
11.62
11.91
10.00
10.00
11.11
10.87
11.36
9.26
11.62
11.63
11.36
11.63
12.01
13.76
12.17
12.86
15.15
13.60
10.91
14.29
14.70
10.27
11.19
12.29
10.72
11.71
10.28
10.46
14.70
17.58
15.62
19.18
15.12
13.16
11.83
11.13
12.82
12.20
16.31
17.10
12.19
15.15
15.15
9.66
13.27
12.38
16.39
8.98
12.29
12.59
10.81
9.12
10.39
10.72
8.81
12.50
10.26
10.60
11.17
9.87
10.27
10.25
10.84
10.78
12.48
11.49
10.55
9.75
9.22
8.59
9.42
11.70
16.63
10.77
8.72
12.78
12.46
12.18
9.32
12.29
11.44
15.15
13.51
17.11
12.03
10.00
10.22
11.63
12.46
12.06
15.63
15.15
10.89
14.29
15.62
13.85
11.38
10.94
11.31
13.48
11.06
13.48
8.53
15.13
12.48
13.27
11.87
15.63
14.71
14.71
10.71
9.56
15.58
12.03
10.91
9.29
12.29
10.71
11.88
11.36
10.68
11.71
14.71
9.86
10.64
11.10
9.29
11.63
8.32
11.25
15.58
12.25
13.10
11.63
14.71
13.24
14.25
15.15
13.89
14.29
9.41
15.15
10.88
10.87
11.44
11.95
11.17
16.65
14.70
8.48
12.50
15.15
13.01
15.15
10.91
8.73
9.09
9.61
10.42
10.64
10.87
10.64
10.42
8.48
10.00
10.41
10.00
10.42
8.77
10.41
10.42
10.20
12.31
11.00
8.23
10.48
10.03
13.99
10.30
10.70
10.15
10.69
10.91
10.71
14.71
10.11
10.37
11.34
13.51
10.75
9.31
13.23
11.60
9.14
11.71
14.70
10.06
9.63
15.58
12.80
9.49
13.46
11.19
11.45
10.06
13.90
15.16
17.01
14.29
15.63
10.07
8.83
11.56
13.88
14.29
10.46
13.16
11.05
13.38
13.49
12.16
11.18
10.48
16.12
10.39
15.62
10.24
10.62
10.68
11.35
11.33
10.04
15.51
11.36
16.54
16.12
10.71
10.95
15.14
15.11
10.34
11.45
10.22
13.15
16.67
15.16
16.67
13.12
10.24
11.09
15.54
14.68
16.90
13.89
14.23
12.62
10.62
10.68
13.13
13.87
10.45
10.70
10.75
8.96
14.23
11.30
14.70
11.83
10.71
15.59
15.63
10.77
14.29
9.47
10.58
10.38
12.94
12.17
10.39
14.25
10.53
10.43
9.29
13.89
10.23
11.18
11.92
9.96
12.95
9.46
15.58
16.02
13.16
13.21
10.27
15.12
11.11
10.20
10.87
8.62
10.64
10.64
12.82
12.20
13.16
14.70
13.88
10.87
10.42
13.51
14.28
11.63
12.82
12.82
13.51
12.61
13.15
16.66
17.24
13.74
16.67
14.71
16.10
17.86
14.26
13.33
16.62
11.61
17.24
12.48
16.24
17.20
15.59
14.67
15.15
11.91
15.15
14.29
13.16
12.89
12.20
10.80
12.19
12.48
15.15
14.29
11.15
13.16
16.67
11.63
12.82
9.42
15.12
15.53
15.15
12.80
15.15
13.16
13.88
15.63
15.12
10.74
12.82
12.48
9.49
11.38
13.16
12.32
14.29
12.46
13.27
17.20
17.85
15.15
17.24
14.28
19.23
20.85
20.85
15.15
14.71
20.00
17.35
13.13
16.10
13.03
19.18
18.52
16.67
14.29
13.86
14.71
16.12
16.09
10.43
14.71
18.53
15.15
16.67
15.63
17.24
18.52
18.52
11.94
15.13
11.55
15.63
7.84
11.67
9.99
16.35
25.69
13.51
17.69
16.14
15.60
16.56
10.94
12.00
12.64
15.15
12.48
11.53
16.54
16.59
17.85
17.23
13.13
17.20
14.71
19.88
13.16
14.28
15.15
19.22
14.26
16.13
11.80
16.64
13.14
14.71
16.53
13.86
17.20
17.56
17.09
19.17
15.62
9.62
13.34
12.82
10.13
14.45
13.30
12.18
16.66
13.48
13.03
12.24
9.98
13.16
11.54
17.56
14.28
14.71
13.16
16.09
17.11
14.28
13.89
14.20
13.10
12.96
16.09
11.56
11.44
13.55
16.13
16.03
8.68
10.20
10.87
12.82
11.90
10.87
12.83
14.28
13.16
13.51
8.93
11.36
9.62
11.36
9.62
9.61
11.63
11.63
12.50
13.11
18.73
14.71
18.02
15.63
12.48
10.70
10.95
11.44
12.25
12.29
15.62
13.49
10.64
12.57
11.41
15.59
11.90
16.66
12.50
15.15
14.29
9.86
17.96
12.19
10.53
15.62
12.17
12.23
12.97
13.45
15.62
15.60
13.51
12.16
17.05
15.60
18.86
13.89
12.61
12.36
14.26
14.66
13.50
12.82
11.90
