13.88
10.26
15.20
17.35
17.36
17.64
17.77
17.35
18.96
19.30
19.08
16.64
16.54
18.93
19.89
20.44
20.02
19.24
15.61
17.54
17.56
19.01
19.30
19.83
19.61
20.02
19.77
18.86
21.18
19.85
20.27
19.94
20.41
20.14
19.91
20.29
19.94
19.80
18.78
18.75
22.98
20.04
19.65
19.59
19.58
20.16
19.80
18.72
18.67
18.77
19.38
18.31
18.14
18.41
18.26
18.33
18.80
18.42
18.45
20.20
20.11
16.84
16.91
18.72
18.64
19.05
18.80
18.38
18.54
18.25
18.01
16.12
16.33
16.51
16.17
16.58
16.38
16.24
16.53
17.61
18.20
18.62
18.46
18.52
18.54
18.49
18.54
18.37
18.57
18.51
19.74
18.36
18.28
17.15
17.40
18.14
18.03
18.36
18.20
18.59
19.69
17.38
17.62
20.02
19.36
18.29
18.01
20.05
19.71
18.07
17.96
17.32
17.56
18.74
20.14
18.25
18.10
18.42
18.09
17.97
18.05
17.53
16.99
17.77
17.87
17.89
20.20
20.75
20.76
18.24
18.29
19.34
19.77
19.56
23.39
19.68
20.23
22.57
22.66
19.97
22.75
19.82
23.95
19.64
19.73
18.49
18.26
17.98
18.06
17.94
17.68
18.11
17.95
19.29
19.38
19.56
18.97
19.32
19.18
19.36
19.61
18.05
20.23
22.83
24.83
24.50
24.41
24.38
23.85
20.02
22.57
18.93
22.13
18.60
19.53
19.00
19.66
19.04
23.11
17.16
17.31
16.59
21.84
16.94
20.07
18.34
21.96
22.32
22.10
18.32
22.14
17.03
17.17
16.87
17.18
17.57
19.81
17.49
19.75
17.15
19.68
17.45
19.79
17.72
17.71
17.33
20.03
19.94
20.22
17.27
17.08
18.40
17.29
19.67
22.19
17.68
17.34
17.63
20.28
20.18
20.47
17.07
17.28
21.86
22.36
16.28
16.69
16.71
18.82
17.06
20.04
16.46
16.92
16.48
19.46
16.64
15.43
17.86
18.82
16.27
16.77
14.65
14.88
14.97
15.18
14.93
12.23
15.17
15.13
16.10
16.21
15.09
15.20
15.03
11.99
14.31
15.36
15.22
15.24
14.74
13.26
13.01
14.49
14.69
15.06
14.85
15.13
14.92
16.71
16.81
16.69
16.98
18.55
16.06
16.47
16.72
16.90
17.18
17.28
20.09
20.01
16.70
19.65
16.71
17.75
16.45
16.64
16.90
17.12
16.68
19.25
15.17
15.32
14.55
14.68
14.47
14.72
14.85
17.00
16.88
16.85
14.72
16.61
15.59
18.24
13.33
16.73
12.68
12.74
12.76
13.83
13.31
14.34
12.28
12.76
13.79
14.19
14.08
14.52
14.50
14.75
14.00
14.28
14.01
14.32
14.23
14.42
14.19
14.46
14.28
14.20
14.00
14.10
15.25
15.30
15.23
18.44
16.01
19.31
19.28
19.62
14.88
16.80
16.70
19.52
14.36
16.89
14.38
14.67
14.67
17.10
13.85
14.40
15.16
18.03
14.95
14.07
13.78
13.74
15.32
16.66
13.55
13.75
13.99
14.16
14.04
14.00
13.34
13.75
13.52
13.62
13.91
13.85
13.56
16.33
14.40
15.96
14.82
17.82
17.93
17.67
14.98
17.37
14.23
14.44
14.00
14.23
14.56
14.77
14.70
14.75
13.40
13.88
13.42
13.59
14.44
14.77
14.45
14.86
14.71
14.81
13.38
13.98
15.40
18.96
14.78
17.89
14.64
14.87
14.55
14.87
13.55
14.06
13.25
15.00
13.21
13.62
11.54
11.77
13.31
12.91
13.52
13.94
13.43
13.78
12.98
13.01
13.17
13.80
12.96
13.42
13.35
13.28
12.85
13.07
9.88
11.03
12.60
13.21
10.87
10.83
10.69
12.21
11.80
12.22
11.97
12.15
12.02
12.10
11.42
11.61
11.45
13.25
11.38
13.24
10.54
12.36
10.59
12.43
10.51
10.53
10.88
10.71
11.88
13.95
11.34
11.25
11.23
11.96
10.00
10.02
10.18
10.27
11.86
12.25
10.98
11.25
10.14
10.30
10.09
10.31
10.35
10.54
11.18
11.14
9.87
10.16
11.14
11.50
11.09
11.43
11.50
11.62
11.19
11.53
11.57
11.79
11.63
11.82
11.76
11.87
11.79
11.93
11.32
11.33
12.30
12.70
12.52
12.50
11.47
14.25
11.85
14.38
12.43
12.76
11.39
11.62
11.12
11.57
11.09
11.21
11.34
11.35
10.76
11.50
10.97
10.98
10.72
10.97
11.09
10.63
10.76
10.90
9.56
9.79
11.04
14.09
10.98
13.57
11.75
13.61
13.58
13.59
9.91
11.87
11.25
13.79
11.32
11.69
11.28
11.57
11.62
11.71
11.01
11.25
11.38
11.46
12.42
12.54
11.10
11.16
11.14
11.32
12.13
12.15
11.90
12.15
11.96
12.17
11.93
11.81
11.98
11.91
11.03
11.27
11.21
11.45
11.52
14.04
10.42
10.48
10.45
12.39
11.03
12.46
10.38
10.85
9.65
9.16
9.00
9.47
10.67
11.02
10.99
11.14
10.85
11.50
10.69
11.07
11.09
11.50
10.73
11.01
11.01
10.94
11.12
11.43
11.01
11.02
10.85
11.15
11.13
13.95
14.11
14.28
11.51
11.75
10.34
10.73
10.91
11.17
10.46
10.78
10.87
10.82
11.00
11.47
9.69
9.86
10.30
10.52
9.40
9.68
9.70
9.77
10.22
10.93
10.44
10.66
10.20
10.41
10.66
13.92
13.94
13.91
9.86
10.05
10.78
10.67
10.18
10.50
9.17
9.47
9.36
9.44
9.14
9.31
9.07
9.46
10.50
10.96
10.60
10.78
10.87
14.02
9.07
9.15
10.44
10.71
10.26
10.27
9.77
10.00
10.03
10.27
9.61
10.00
10.32
10.74
10.42
10.87
10.03
10.47
10.58
13.45
10.85
10.44
10.19
10.38
10.15
10.33
10.47
13.77
13.91
13.57
10.64
10.87
10.77
12.27
10.08
11.68
11.32
11.99
11.99
14.98
11.61
11.92
11.75
15.68
12.24
12.58
11.73
12.00
12.00
11.90
12.95
13.29
11.91
10.83
12.77
13.08
13.13
12.90
17.22
17.60
12.31
12.27
10.72
12.70
12.00
15.25
12.30
15.33
15.42
15.46
12.48
11.16
11.02
9.81
11.26
11.80
11.73
11.98
11.90
11.95
11.92
12.14
11.38
13.89
11.68
11.49
12.22
12.52
12.60
12.58
10.99
11.03
10.85
10.88
9.90
10.02
11.16
11.80
9.91
10.15
10.14
10.25
10.59
11.02
9.84
9.98
9.73
9.95
11.16
11.77
11.46
11.54
10.93
11.32
9.69
10.01
11.29
11.56
10.83
11.62
13.50
13.43
11.31
14.18
11.04
11.19
9.61
9.74
10.56
10.82
10.70
10.69
10.72
10.90
9.49
9.63
9.63
9.54
10.20
10.50
10.67
10.65
10.61
13.42
10.96
11.16
10.79
13.72
10.62
10.84
11.01
10.90
10.80
10.87
10.58
10.68
10.38
10.58
10.29
10.51
10.61
10.51
10.41
10.51
10.57
11.03
10.51
13.43
11.28
14.97
15.00
14.93
10.66
10.76
10.68
11.45
10.37
10.70
11.43
11.79
11.88
11.87
10.55
10.83
11.81
11.67
10.45
10.62
11.52
14.81
14.71
14.79
10.50
11.40
11.54
11.61
11.68
12.00
11.41
11.64
11.82
11.76
10.92
11.00
11.32
11.23
11.57
10.68
10.94
11.15
11.18
13.84
11.47
11.64
11.38
11.51
10.71
10.98
10.97
13.92
13.93
13.85
11.74
14.49
9.34
11.28
13.15
13.34
13.20
12.37
13.25
16.51
12.41
12.41
11.63
12.24
11.83
12.10
11.93
13.44
16.59
16.77
11.95
12.58
11.64
12.27
11.89
12.09
12.06
12.33
12.42
12.47
10.68
14.28
12.69
12.91
12.38
12.80
12.07
12.38
12.35
12.35
10.68
10.86
12.12
12.54
12.77
12.74
13.57
14.06
12.35
12.54
12.55
12.57
10.81
12.44
12.14
11.07
10.66
10.93
12.17
12.51
12.39
12.45
12.12
12.28
12.18
12.72
11.07
11.12
12.17
12.58
12.68
15.22
10.61
10.69
12.00
12.47
11.55
11.76
10.55
10.84
10.65
10.89
10.50
10.71
11.34
11.69
10.42
10.95
11.56
11.81
11.64
11.91
10.58
10.67
11.75
12.10
11.91
12.08
11.76
12.17
12.36
12.32
10.74
10.93
10.65
11.04
11.73
15.11
10.41
13.03
13.00
13.12
10.70
10.97
12.08
12.58
12.01
12.31
10.79
11.17
11.21
11.05
11.79
12.04
11.72
11.90
11.64
10.86
12.18
16.13
15.58
16.00
13.40
13.60
12.53
12.54
12.79
13.05
12.63
12.86
12.79
15.98
12.43
15.92
12.34
15.82
13.48
13.67
12.74
12.84
12.75
12.69
12.79
12.80
12.39
15.78
13.36
14.13
14.17
18.47
18.40
18.54
13.03
13.21
12.81
12.83
10.54
12.68
12.75
13.17
12.92
13.13
12.77
13.03
12.34
15.62
14.32
15.87
14.45
18.00
17.93
18.05
15.39
17.97
12.96
16.00
12.96
13.08
12.68
16.02
16.09
16.04
12.99
16.24
12.81
16.41
13.30
13.00
12.99
13.33
13.43
13.39
13.08
13.40
13.00
13.21
12.92
13.14
12.85
13.25
13.22
13.39
12.93
13.08
13.85
13.55
14.05
14.01
14.48
13.73
14.27
15.38
15.76
15.64
15.46
15.46
14.96
20.10
15.63
15.87
15.88
21.39
21.12
21.06
21.23
21.55
16.04
21.53
21.31
21.31
20.95
20.76
21.25
21.10
20.49
17.53
14.75
14.40
13.82
18.00
12.51
17.13
17.78
17.42
13.39
13.85
12.78
12.83
13.35
13.45
12.43
12.57
12.59
12.48
12.41
12.61
12.25
12.45
12.54
12.96
12.41
12.79
12.85
12.84
13.19
14.02
12.15
12.88
14.03
18.07
13.97
14.19
14.36
18.21
13.98
14.08
13.49
15.30
13.82
14.14
13.66
13.94
13.97
14.25
14.47
14.50
14.29
14.23
12.93
