6.78
11.90
10.49
17.43
15.12
15.15
16.82
17.85
16.67
15.34
15.15
14.23
17.13
12.50
17.50
15.56
13.16
16.13
13.16
16.17
16.42
26.49
15.60
15.15
15.15
13.89
14.29
13.51
19.23
13.16
18.52
18.52
19.23
18.52
19.23
18.52
18.52
17.86
17.82
17.86
17.24
16.67
16.67
17.86
17.24
17.86
17.24
18.30
14.81
14.13
18.47
15.99
19.45
14.71
15.63
15.15
15.62
13.89
14.67
14.29
15.63
13.16
10.23
15.62
13.89
16.64
14.10
15.60
14.77
17.21
14.82
12.19
14.08
12.85
13.49
10.20
13.59
9.72
14.68
14.29
16.38
17.82
12.90
19.99
17.74
13.89
13.16
14.71
13.68
17.80
16.67
14.19
19.19
16.68
11.06
13.51
14.22
15.15
14.29
14.71
11.72
14.26
17.86
15.11
15.15
15.62
18.58
15.62
15.62
11.23
12.77
13.86
17.27
16.13
19.23
16.67
18.52
15.63
18.32
23.81
17.24
13.16
17.78
12.66
20.00
11.36
17.24
17.86
17.86
16.41
15.63
16.67
16.13
18.51
20.83
18.52
16.66
16.67
20.01
16.67
19.57
19.17
21.75
18.53
18.52
17.81
17.25
17.23
19.99
15.74
17.24
16.11
22.71
17.21
16.67
16.66
12.83
17.61
16.66
17.85
17.07
17.86
22.73
17.24
20.00
21.74
23.81
21.30
22.71
17.86
19.92
17.25
17.86
16.68
20.77
16.12
13.62
15.60
22.74
15.10
14.29
17.15
20.83
15.15
19.25
16.67
18.52
20.83
17.85
17.86
20.01
16.68
14.08
24.90
16.13
13.83
19.06
18.53
18.52
17.24
19.23
17.24
20.00
17.86
19.23
17.25
20.01
19.99
19.22
16.52
15.93
17.24
20.83
18.52
20.77
15.27
13.89
16.12
19.57
18.51
14.28
13.16
18.53
18.51
17.86
13.51
13.88
13.52
15.15
19.22
17.86
14.29
13.89
14.28
15.63
14.70
12.83
15.62
14.29
11.63
11.63
11.63
12.50
15.64
14.71
9.71
13.12
12.46
12.80
12.80
15.14
14.26
10.94
11.69
14.29
11.20
16.65
12.48
17.21
10.07
15.63
12.70
13.81
12.40
17.83
18.21
12.20
12.50
12.61
14.64
13.89
16.47
15.63
14.29
13.66
15.59
16.66
16.61
16.66
16.57
15.15
15.63
15.62
16.67
16.12
13.89
15.28
13.96
15.37
13.96
13.15
11.97
12.05
16.12
11.61
15.91
7.83
16.62
10.72
13.65
13.48
12.02
11.66
15.13
20.01
11.62
12.48
8.21
16.13
10.73
12.19
14.71
11.83
11.67
17.24
12.17
16.67
12.48
11.62
14.70
13.88
14.67
11.41
16.62
15.12
15.59
18.04
9.46
11.89
14.29
12.17
13.10
14.19
14.26
16.77
12.85
16.12
21.74
14.90
15.15
15.63
13.16
12.73
14.91
13.16
12.13
20.82
15.33
16.68
11.10
16.67
17.86
11.20
16.10
15.58
13.51
12.40
11.00
12.97
16.66
13.11
8.22
12.28
14.71
12.08
11.29
11.99
11.34
11.71
12.50
10.24
11.19
15.16
11.96
9.91
12.80
12.82
12.50
15.14
11.37
14.28
12.20
12.50
13.16
12.82
12.19
12.50
13.15
11.37
13.88
13.51
11.36
11.36
11.36
10.87
12.82
12.91
17.87
17.25
16.78
13.16
10.00
11.11
14.71
17.86
12.50
17.47
12.82
15.15
16.13
14.71
9.12
11.90
10.27
14.08
11.63
10.87
10.00
8.62
10.64
8.20
10.64
9.26
11.11
11.36
10.64
8.77
8.33
8.62
10.00
10.64
10.05
9.87
9.98
10.03
10.62
10.75
9.64
10.49
12.98
9.24
10.71
7.58
13.38
11.43
12.17
11.36
10.20
16.44
7.21
10.27
13.27
17.34
10.64
9.33
9.65
14.26
10.20
9.97
8.92
15.25
11.47
11.63
13.86
11.43
9.97
10.46
11.44
10.79
10.98
14.68
13.13
15.23
15.84
13.49
12.82
11.96
9.69
13.52
10.27
15.16
10.71
9.23
12.82
9.48
10.95
12.60
11.20
10.95
11.45
11.35
15.15
11.45
11.69
11.44
11.63
12.03
10.05
11.63
9.86
14.37
10.49
10.18
13.16
10.75
17.24
13.10
13.86
16.13
10.06
11.94
12.20
17.49
9.90
11.40
14.68
10.72
11.19
10.74
12.51
15.82
10.07
15.63
10.49
12.60
9.32
12.20
14.71
15.59
10.49
11.88
11.87
12.03
10.26
10.44
12.89
16.63
10.49
10.95
11.44
12.03
16.93
11.64
11.10
10.87
11.18
16.66
14.67
12.00
11.05
12.61
12.20
14.25
16.09
10.81
9.83
10.74
16.61
14.71
16.13
16.08
10.27
15.56
15.63
16.67
11.92
10.36
11.64
13.89
12.48
18.51
14.71
14.71
10.86
11.42
15.63
15.63
16.13
10.71
9.79
15.93
14.71
13.89
9.07
10.27
10.48
11.18
10.61
12.29
12.19
8.67
9.65
13.51
11.58
10.47
10.27
10.27
11.09
14.15
15.11
10.49
16.63
10.39
14.15
13.51
10.94
11.49
12.50
11.51
11.07
11.90
10.06
12.81
16.62
12.81
12.30
13.16
11.48
8.59
9.47
8.59
8.33
9.26
10.87
10.20
9.81
8.20
9.26
9.43
9.43
9.80
8.77
8.20
7.94
7.46
9.26
8.93
7.35
10.43
9.49
11.42
11.44
18.23
14.68
12.28
11.60
10.48
11.70
12.60
11.71
8.07
7.82
4.68
2.73
5.66
6.48
10.03
9.61
10.26
9.81
13.21
10.34
10.08
10.20
12.83
8.19
9.80
10.20
10.42
10.00
10.41
9.81
10.42
10.41
11.63
9.62
9.62
9.80
10.20
10.05
13.98
12.04
10.26
12.85
14.57
13.75
12.66
14.03
14.03
14.04
13.86
13.14
10.11
9.81
8.00
10.40
6.70
9.20
14.69
14.59
13.38
14.29
10.08
9.53
14.23
12.96
11.06
13.93
16.74
14.93
13.68
12.95
9.66
10.29
7.05
7.22
10.64
9.96
9.32
16.83
11.42
12.11
13.93
17.21
14.59
9.13
10.69
10.48
10.94
7.99
11.45
12.50
15.87
12.71
13.48
12.60
11.15
11.70
13.51
9.52
9.62
9.88
11.04
11.02
10.26
8.95
8.86
9.35
10.46
9.33
9.05
10.42
10.32
9.92
9.90
8.61
11.87
11.58
9.50
9.38
10.04
11.73
8.89
7.83
9.92
7.99
10.30
9.60
10.16
9.74
10.29
13.62
13.88
11.68
12.35
14.21
9.79
12.53
9.77
9.63
8.62
10.00
10.64
9.80
9.80
10.21
11.91
11.79
14.93
11.54
10.05
10.45
10.15
9.42
13.49
9.95
14.13
13.75
11.71
9.70
10.22
9.54
13.88
13.27
13.85
10.12
14.12
11.07
13.77
13.96
13.71
13.51
14.51
13.44
10.35
9.35
13.88
13.08
13.80
9.96
10.38
12.15
12.54
9.73
10.41
8.72
9.55
7.57
5.88
7.57
10.98
7.95
8.77
8.33
13.29
13.82
13.51
9.61
10.87
10.87
11.63
10.41
10.20
11.11
10.20
7.81
10.56
13.62
15.22
13.19
14.85
10.26
10.82
13.67
13.99
24.08
14.08
12.42
14.87
13.86
11.06
13.72
23.90
11.35
11.62
11.91
10.87
9.61
10.20
11.11
11.12
10.20
10.41
9.61
10.20
10.00
11.63
11.11
14.70
11.36
11.11
10.80
14.79
10.85
13.54
14.02
13.21
13.86
13.08
14.85
14.91
13.73
14.61
13.75
14.52
13.14
14.48
9.93
10.63
13.03
10.74
10.20
12.62
13.32
15.21
11.77
24.06
10.33
14.10
9.44
9.42
9.09
13.79
9.33
13.66
13.04
14.21
10.80
13.78
14.55
13.09
14.63
13.77
9.90
11.79
13.98
14.94
13.85
11.05
8.62
14.50
10.23
13.41
14.91
14.04
14.93
13.94
12.58
12.94
9.71
15.00
9.66
10.17
9.75
10.17
12.66
10.38
13.73
12.27
10.17
13.72
9.92
10.18
9.27
9.70
12.62
9.95
13.71
12.87
9.66
10.21
9.65
12.63
10.35
9.64
9.31
9.45
13.40
10.21
9.55
10.12
10.39
10.36
9.67
10.01
9.25
14.04
10.30
9.73
10.78
10.05
9.43
10.20
9.47
13.48
9.56
10.35
13.30
12.47
13.87
15.07
9.52
10.21
9.27
13.04
9.59
13.82
10.06
13.75
14.00
13.17
13.11
14.70
9.63
10.45
11.23
9.31
10.22
9.73
13.75
13.57
9.55
9.72
9.31
10.34
13.08
15.36
14.17
10.63
17.70
13.50
14.82
13.12
11.71
10.04
13.77
14.96
14.08
13.49
14.65
19.77
13.96
18.66
14.01
14.52
12.99
13.04
22.07
18.05
13.24
15.81
9.52
14.89
9.70
17.41
12.93
14.03
15.47
13.16
14.33
15.36
14.96
10.41
9.64
13.03
13.57
10.06
10.21
13.42
9.88
11.54
12.43
14.78
14.26
14.78
14.45
15.34
26.82
14.19
15.11
15.29
10.16
14.53
10.82
11.11
10.87
13.51
13.51
13.52
10.87
10.64
11.36
13.51
10.64
10.87
10.42
10.20
11.11
11.11
10.87
13.51
11.11
13.84
13.56
15.48
13.47
14.00
14.91
12.66
9.52
9.66
9.50
9.95
12.32
10.56
9.88
9.97
9.79
7.23
5.05
6.25
9.09
10.20
13.89
20.00
15.63
13.51
15.15
12.82
14.29
13.51
14.28
20.82
14.70
20.01
15.15
18.51
17.18
17.25
21.17
20.33
17.07
17.39
13.33
13.25
10.93
15.42
11.19
12.28
15.06
16.49
11.99
12.92
11.25
10.99
12.91
12.59
10.72
11.03
12.80
9.68
10.63
9.89
10.62
11.08
9.97
10.85
10.83
9.14
11.13
11.20
11.19
11.59
9.31
10.73
11.09
13.39
11.10
12.43
10.25
14.10
13.86
12.19
12.97
14.19
12.58
10.62
12.04
12.16
12.12
14.75
16.81
14.57
14.59
17.43
13.14
