6.53
25.57
24.97
27.78
20.83
25.60
20.84
31.26
19.23
18.52
22.73
26.32
23.81
27.78
27.78
26.32
16.67
29.41
25.00
27.78
27.78
26.32
25.00
23.81
16.67
25.00
26.32
26.32
23.81
23.80
25.00
23.81
20.83
20.00
18.52
22.73
22.73
28.53
29.41
24.04
29.71
29.40
26.31
24.99
25.00
25.00
22.73
21.74
25.00
26.32
26.32
19.23
29.41
20.83
27.78
22.73
27.78
24.99
25.00
26.32
26.32
20.83
26.32
15.15
20.00
25.00
20.00
25.00
20.00
26.31
22.72
18.52
22.72
15.63
17.86
21.75
29.64
25.60
23.21
22.16
23.24
22.17
25.00
28.55
27.78
22.21
24.38
20.83
20.83
17.74
25.29
27.77
21.25
17.86
20.83
19.57
19.23
25.59
25.00
20.83
26.32
22.73
22.73
26.32
19.24
23.81
18.18
26.32
17.24
23.24
21.74
22.73
22.21
27.78
29.41
25.00
26.32
26.31
22.73
29.41
21.74
29.41
29.39
31.25
33.35
33.33
33.33
29.40
29.41
29.41
26.32
28.51
26.31
29.44
27.76
29.41
29.41
29.41
31.23
26.32
27.78
31.25
29.41
27.78
25.00
27.83
27.13
26.31
28.55
26.32
29.41
26.32
26.32
25.00
29.41
28.55
29.41
25.00
22.72
25.00
29.39
33.37
31.25
18.52
29.41
27.77
29.41
26.30
29.39
27.78
30.24
27.78
28.52
30.28
27.78
29.41
32.22
33.34
27.77
29.41
24.33
22.73
29.41
25.00
27.78
29.41
20.00
27.78
29.42
26.32
22.72
29.41
27.78
33.34
21.74
16.13
25.01
26.32
27.78
26.32
20.83
31.25
23.81
22.73
23.81
25.59
23.81
19.22
31.25
19.23
25.00
26.32
20.84
23.81
14.71
25.00
20.00
23.81
26.32
31.25
31.25
29.41
29.42
23.81
29.41
26.32
24.99
31.25
29.41
27.78
29.42
19.23
29.96
26.93
26.29
22.73
22.85
26.32
24.98
27.78
24.71
25.93
27.78
25.00
20.00
26.33
27.78
27.78
27.78
25.00
26.32
25.00
25.00
27.78
31.25
26.65
27.88
28.39
30.09
29.42
29.95
32.15
27.78
31.25
31.25
31.25
27.77
29.41
27.78
29.41
26.31
26.31
27.78
27.78
29.41
26.95
27.01
26.29
29.41
27.78
31.25
27.78
27.78
26.31
27.78
27.78
27.78
25.00
25.00
26.32
26.32
26.32
16.13
27.78
22.19
23.81
27.01
25.00
25.00
23.81
26.29
27.78
25.00
27.78
26.32
27.78
23.81
25.25
28.19
23.81
21.09
29.38
26.31
27.00
27.78
19.23
27.78
27.78
27.78
23.81
27.78
27.78
29.41
27.78
29.41
27.78
22.73
25.00
27.78
20.00
29.42
22.73
23.81
26.31
25.00
20.83
27.78
29.41
22.73
27.78
26.32
26.32
21.74
26.31
27.78
29.41
25.00
25.00
24.99
25.51
26.32
26.32
21.74
27.78
27.78
25.00
27.78
27.78
23.81
24.70
26.37
28.05
25.00
25.43
23.81
27.78
27.78
23.81
26.32
27.78
17.86
29.41
21.22
29.80
29.00
19.23
25.00
31.87
27.78
22.73
29.41
27.78
27.78
26.32
30.64
27.27
27.84
25.64
26.62
24.42
25.33
26.32
22.64
23.54
25.00
29.41
25.00
26.32
26.32
21.74
25.00
26.32
25.00
26.32
23.81
23.81
21.74
25.60
26.32
26.32
25.00
23.81
25.00
25.01
25.00
25.00
21.74
25.00
25.00
26.32
25.00
23.81
20.84
26.32
26.32
21.74
26.31
27.78
26.32
29.41
29.41
26.32
26.32
27.78
27.78
27.78
27.78
25.00
23.81
26.31
22.73
22.73
23.81
27.78
27.78
27.78
29.41
27.78
26.31
26.31
23.81
27.78
27.79
27.78
26.32
27.73
18.52
25.00
21.74
23.81
21.73
26.32
25.00
27.77
29.42
27.78
29.42
26.32
23.81
26.31
25.01
26.32
22.73
25.00
26.32
26.32
23.81
27.78
27.78
26.32
26.33
25.00
25.00
25.00
26.32
27.78
31.25
27.78
29.41
26.32
27.78
23.81
27.78
28.49
29.10
29.10
25.89
25.92
29.42
27.78
29.43
27.75
29.41
26.30
29.41
29.41
29.37
27.78
25.00
27.78
31.28
29.41
29.41
27.78
26.66
21.94
24.53
25.66
29.44
27.78
29.34
31.45
27.10
28.06
26.31
27.78
22.74
27.78
25.00
27.78
25.00
27.78
29.41
26.59
28.62
19.75
29.92
26.61
28.26
27.77
29.24
25.88
24.24
26.29
27.78
26.32
23.81
17.86
25.00
25.18
27.03
26.56
28.45
29.70
27.78
28.44
28.97
31.37
31.25
30.23
30.39
29.41
30.67
29.41
31.25
33.33
26.30
27.78
29.74
31.26
29.02
28.75
30.39
30.17
31.24
27.87
29.67
29.41
30.79
28.51
25.40
26.55
26.61
27.32
27.28
30.18
24.59
28.79
22.98
25.00
25.00
27.78
19.23
26.32
25.00
26.31
26.77
26.11
28.11
25.26
29.41
30.15
22.73
25.85
26.95
29.41
27.77
26.98
29.72
29.61
27.77
28.42
18.52
18.52
25.40
27.83
26.32
21.11
25.27
28.08
26.37
27.32
22.73
25.02
26.78
17.60
23.81
27.78
25.00
25.57
24.82
23.49
24.28
21.12
21.74
19.98
22.20
23.81
25.00
21.26
27.78
21.74
22.72
27.78
22.73
26.32
23.81
21.74
26.32
27.78
21.07
29.87
26.65
26.88
24.23
26.62
27.93
26.81
29.41
23.81
27.78
26.32
25.00
25.00
23.81
25.00
26.31
26.32
26.32
26.54
21.74
22.73
19.23
22.73
22.72
21.75
23.81
23.81
22.72
20.84
27.79
27.78
26.32
27.78
29.41
29.41
26.32
22.73
26.31
29.42
26.32
26.32
21.74
26.34
27.78
31.25
23.81
29.41
27.78
27.78
27.78
26.91
32.20
26.32
29.32
28.14
28.17
28.25
24.55
30.27
28.52
26.32
26.32
25.00
26.32
27.78
27.77
25.00
23.81
25.00
29.41
27.78
26.31
29.41
25.00
25.00
25.00
26.32
28.33
28.46
22.54
27.78
26.68
25.90
27.75
28.19
28.46
30.18
27.78
28.76
28.90
29.02
26.62
26.58
27.78
26.92
17.18
20.83
23.81
25.00
25.30
29.42
25.00
27.79
25.01
27.78
29.41
27.78
25.00
25.00
20.83
22.73
25.00
22.73
21.74
25.00
20.83
27.78
17.24
26.32
23.21
25.00
27.78
27.18
26.88
26.31
26.32
26.60
25.90
27.80
28.22
27.78
26.32
29.41
27.77
27.78
25.58
25.51
28.04
20.73
29.41
26.32
26.32
26.31
25.00
27.78
26.32
25.00
25.01
25.00
24.10
27.45
29.41
29.41
25.76
26.69
27.78
24.79
26.30
28.62
26.85
27.12
17.09
25.51
26.32
26.31
23.81
21.74
20.00
26.32
26.32
25.00
25.00
27.78
29.41
25.31
27.78
26.39
18.01
27.27
26.76
27.78
26.65
29.41
30.40
24.46
29.82
28.82
29.41
26.32
29.10
21.74
29.41
25.88
18.81
22.69
29.41
26.31
16.48
25.90
17.07
27.15
27.78
24.97
27.78
26.32
27.78
26.31
26.32
26.32
26.32
16.67
25.00
25.12
26.85
26.59
25.00
25.92
21.87
27.22
26.31
26.67
28.90
28.91
29.68
28.35
26.32
24.38
26.79
26.99
25.00
25.58
29.33
30.37
27.78
29.70
27.59
16.72
26.69
26.32
30.12
26.31
26.32
25.00
26.32
23.81
25.02
23.81
20.00
27.77
27.78
29.38
29.42
29.41
26.93
26.78
27.99
29.75
26.47
22.45
26.92
25.20
25.29
22.77
20.34
26.87
29.88
23.82
27.30
28.17
21.25
25.00
26.32
26.32
25.00
21.74
21.74
25.00
26.32
26.99
26.94
27.28
23.81
25.00
26.32
20.83
23.81
25.00
22.73
23.81
25.00
22.73
26.32
26.32
29.41
27.78
26.31
25.00
26.32
25.00
16.67
23.81
25.00
21.74
25.34
24.11
26.58
25.36
29.40
18.65
19.42
24.37
23.83
20.18
25.94
25.00
27.48
23.81
29.42
23.81
20.00
25.00
26.32
27.69
28.02
27.67
29.42
20.00
23.81
27.78
26.28
26.90
29.14
27.21
27.78
25.00
21.90
28.55
27.78
26.32
29.42
30.28
24.99
20.83
25.63
25.01
29.70
26.31
28.53
26.31
27.78
28.56
26.32
26.32
29.41
28.56
20.83
25.33
28.04
29.76
28.29
29.63
21.11
28.02
29.41
29.42
31.25
27.78
30.63
18.71
19.43
25.01
21.80
29.42
25.00
26.32
27.74
31.24
31.14
31.25
31.25
27.78
33.36
31.26
31.26
29.41
26.32
27.78
20.00
29.41
27.78
23.81
31.25
29.41
33.34
31.24
31.25
29.41
33.33
31.24
29.41
31.27
31.25
29.41
31.25
26.32
29.86
31.25
31.25
29.42
30.27
31.25
31.25
29.41
27.78
27.78
31.25
23.39
27.78
20.00
29.41
26.32
29.40
27.78
31.25
29.41
31.25
29.41
29.40
27.78
31.25
29.41
31.25
26.32
27.78
26.33
27.78
27.78
26.32
21.74
27.78
25.00
29.41
31.25
31.25
25.00
26.55
20.82
27.76
25.34
27.78
29.42
27.77
27.78
27.78
17.47
27.76
17.14
29.41
29.41
29.41
29.41
27.78
31.25
27.78
29.41
31.25
31.25
33.32
31.25
33.33
31.25
31.26
31.25
31.25
31.25
31.25
27.78
29.41
29.40
28.62
29.41
30.28
27.94
30.34
29.39
30.08
29.41
31.25
31.25
26.32
23.82
25.40
29.41
27.78
26.31
27.78
26.32
26.32
27.78
29.41
29.41
19.23
27.78
27.78
27.78
27.78
26.31
26.31
19.24
18.52
25.00
21.74
27.78
23.81
27.77
29.41
26.31
26.32
27.78
27.78
25.61
20.00
25.00
27.78
26.32
29.41
26.32
31.25
29.41
25.01
27.78
27.79
23.81
20.82
27.78
